spawn:
  world: lobby
  x: -330.5
  y: 164.0
  z: 117.5
  pitch: -2.9999852
  yaw: -269.9996
firstspawn:
  world: lobby
  x: -330.5
  y: 164.0
  z: 117.5
  pitch: -2.9999852
  yaw: -269.9996